9
18
24
30
31
35
45
47
47
48
49
51
52
54
54
56
60
61
63
64
70
74
75
75
104
110
115
115
121
126
127
128
144
147
148
154
157
157
161
161
162
163
168
172
172
175
177
179
181
206
209
218
223
231
236
258
260
260
265
267
274
276
278
282
290
297
299
300
304
307
309
320
338
338
348
352
368
373
375
376
388
397
407
422
426
430
434
447
465
465
466
469
476
481
490
491
495
500
504
508
511
512
513
515
532
548
554
557
559
559
562
579
579
582
584
586
591
594
596
600
609
611
611
618
619
621
626
629
629
639
647
655
675
678
678
679
679
686
686
692
697
702
703
704
706
709
710
710
724
725
725
727
729
730
733
744
744
747
757
759
763
767
767
771
772
776
778
794
799
803
812
819
826
826
828
828
832
834
839
841
843
846
848
850
857
858
862
864
873
875
882
884
884
884
892
905
908
910
916
919
919
923
925
933
935
935
937
939
939
940
942
944
948
953
953
955
957
958
961
965
966
968
972
973
975
975
976
978
978
979
981
981
987
987
990
991
995
1002
1009
1017
1020
1026
1036
1048
1052
1054
1055
1062
1077
1078
1080
1102
1102
1106
1126
1133
1142
1143
1143
1144
1145
1150
1159
1160
1161
1161
1173
1182
1186
1187
1188
1190
1190
1192
1213
1214
1240
1241
1243
1246
1250
1251
1256
1259
1266
1269
1275
1281
1281
1291
1296
1305
1305
1307
1309
1311
1311
1318
1321
1329
1342
1348
1354
1354
1354
1354
1361
1366
1368
1368
1368
1372
1385
1385
1387
1391
1396
1408
1410
1430
1432
1448
1449
1453
1462
1462
1466
1470
1483
1487
1495
1497
1502
1502
1503
1506
1531
1537
1544
1544
1560
1563
1566
1573
1574
1582
1600
1602
1602
1606
1609
1622
1622
1624
1626
1626
1658
1663
1667
1676
1677
1683
1686
1690
1693
1693
1694
1703
1704
1716
1718
1718
1719
1731
1731
1740
1743
1743
1763
1773
1777
1779
1781
1790
1800
1805
1812
1813
1813
1816
1829
1839
1848
1849
1851
1861
1861
1866
1867
1868
1876
1889
1889
1895
1902
1903
1903
1916
1927
1938
1946
1948
1951
1955
1957
1963
1970
1975
1979
1994
1997
2002
2007
2008
2012
2014
2020
2026
2027
2031
2034
2039
2046
2046
2051
2064
2066
2071
2087
2092
2093
2100
2113
2116
2121
2124
2130
2133
2135
2142
2142
2151
2158
2160
2166
2168
2169
2171
2173
2176
2186
2197
2200
2201
2203
2221
2223
2230
2234
2235
2235
2236
2239
2246
2248
2249
2252
2263
2266
2267
2271
2271
2280
2283
2283
2302
2319
2319
2327
2334
2350
2357
2362
2370
2376
2378
2380
2380
2386
2391
2398
2408
2408
2408
2409
2415
2416
2432
2440
2458
2466
2471
2476
2477
2480
2484
2506
2510
2514
2523
2525
2528
2530
2535
2535
2537
2539
2540
2544
2546
2546
2553
2553
2562
2563
2581
2581
2588
2589
2591
2599
2604
2608
2619
2622
2623
2629
2630
2633
2638
2647
2651
2668
2675
2698
2701
2701
2706
2716
2757
2758
2758
2761
2768
2769
2776
2780
2785
2787
2790
2794
2806
2807
2808
2813
2815
2816
2819
2837
2840
2843
2872
2890
2899
2910
2913
2915
2918
2918
2926
2942
2959
2976
2980
2982
2988
2993
3013
3020
3021
3021
3025
3031
3055
3056
3069
3070
3072
3077
3077
3082
3085
3101
3110
3116
3118
3124
3132
3133
3137
3144
3144
3145
3150
3156
3158
3162
3171
3187
3189
3200
3211
3216
3218
3218
3219
3227
3228
3232
3242
3245
3246
3248
3259
3263
3263
3264
3265
3269
3298
3304
3307
3314
3315
3315
3325
3330
3343
3350
3354
3356
3358
3358
3361
3368
3370
3372
3376
3382
3383
3385
3393
3394
3394
3396
3397
3399
3400
3406
3414
3428
3431
3441
3441
3450
3452
3453
3479
3479
3480
3486
3488
3499
3503
3509
3520
3522
3530
3532
3547
3548
3553
3557
3564
3566
3567
3579
3589
3591
3592
3593
3597
3599
3601
3609
3611
3620
3621
3625
3643
3644
3648
3650
3658
3667
3668
3669
3673
3676
3682
3684
3693
3697
3705
3706
3708
3712
3714
3718
3728
3732
3733
3735
3743
3744
3754
3758
3763
3765
3778
3778
3781
3788
3794
3799
3800
3802
3804
3804
3805
3811
3813
3822
3824
3825
3829
3830
3833
3836
3838
3845
3851
3865
3867
3871
3871
3877
3881
3889
3894
3902
3927
3928
3928
3938
3939
3941
3941
3943
3943
3950
3969
3973
3981
3982
3986
3989
4003
4006
4009
4022
4026
4027
4033
4034
4037
4049
4057
4069
4073
4073
4087
4091
4092
4093
4093
4098
4100
4109
4116
4116
4116
4119
4126
4130
4134
4137
4140
4143
4143
4150
4155
4157
4161
4167
4180
4184
4189
4196
4211
4220
4228
4233
4237
4240
4250
4260
4263
4265
4268
4271
4275
4279
4282
4284
4285
4299
4300
4300
4308
4312
4317
4321
4321
4324
4324
4328
4329
4329
4331
4336
4349
4351
4357
4362
4365
4369
4370
4373
4376
4379
4381
4381
4390
4390
4398
4398
4401
4404
4411
4419
4420
4422
4437
4439
4440
4443
4451
4456
4458
4464
4465
4469
4469
4475
4477
4482
4485
4493
4494
4500
4504
4508
4514
4520
4530
4533
4536
4542
4549
4560
4561
4562
4562
4565
4570
4573
4579
4632
4633
4634
4638
4639
4647
4648
4649
4650
4660
4660
4663
4667
4668
4672
4690
4700
4700
4705
4706
4709
4710
4711
4714
4715
4717
4719
4721
4731
4731
4738
4744
4750
4754
4757
4767
4769
4769
4781
4792
4807
4822
4832
4832
4835
4837
4839
4843
4857
4860
4860
4867
4872
4878
4898
4908
4911
4918
4926
4928
4934
4935
4936
4937
4937
4942
4950
4963
4976
4976
4983
4985
