4573
3682
64
3982
1903
2280
4650
1020
2523
4134
3480
1497
1790
4508
944
3428
582
4908
709
910
1902
3499
4634
4443
2380
4837
4936
3620
3503
621
706
126
4934
692
2357
1537
4750
995
115
3877
3943
2716
128
3397
47
4331
4300
559
2201
767
2440
1686
2528
1396
2816
1240
1143
1102
4715
209
4660
1102
4098
3566
515
3778
937
2266
1975
3218
4349
2757
1161
679
4093
4464
4926
1716
4549
3228
948
4167
4754
1150
3865
3732
596
834
3805
1361
2768
4469
2151
4157
1560
744
1889
4037
2092
49
2378
848
1080
935
884
4161
3733
3307
733
476
1866
1311
3414
35
1829
1385
4477
4983
3343
3453
586
3077
2843
710
2546
3676
2408
990
1663
223
2890
172
4285
940
2319
591
1851
1955
3187
4937
1305
4579
4706
3591
3219
953
3625
882
2458
4781
4709
3232
3743
1372
4469
4648
1948
3706
4237
2540
4475
3744
1182
4328
559
703
3358
2815
4832
508
2376
776
9
3150
4807
2758
1017
2158
884
4536
434
2915
1626
3211
2562
4022
2959
3406
991
3450
2926
2535
1994
3669
600
618
3589
2506
2769
2599
2629
3927
2002
3648
4744
469
2186
407
4493
1544
127
3650
562
4329
4308
338
3358
1462
4404
513
4839
2267
2633
2026
2918
1718
557
3547
299
3871
2408
3845
75
3973
3548
2787
2942
975
144
2039
3361
4663
3658
933
4530
4126
1250
466
4482
1781
679
905
3189
4672
799
965
2980
2271
1246
4026
2142
2477
2409
4357
4033
63
4279
3830
1563
4260
260
2064
4370
4721
4561
500
3557
2563
4228
3354
1311
724
4439
923
267
338
3144
3216
4942
2362
3643
4373
104
1161
1190
850
3400
4271
2239
3822
2100
75
2398
3794
1296
2581
1703
2872
3394
54
3298
2668
1259
1693
4119
3315
4832
4091
3673
1544
3597
1683
4504
3314
4700
2913
447
3941
4100
1329
1256
1214
579
3325
4700
4451
4950
1763
4731
4976
4324
2169
1800
981
3765
747
3938
2234
175
916
4668
2623
771
2581
1368
978
979
884
162
3156
4093
3621
939
864
2553
4073
3592
161
3171
3441
4073
147
1160
4633
1354
4769
304
1602
3894
3242
4116
953
1694
2034
320
60
2553
3902
3520
3376
3593
1927
3368
1192
1676
4034
3110
2537
3778
957
832
1448
939
3124
3245
3330
1861
4419
4381
626
4767
3304
4006
4500
3599
4263
3132
1779
2160
31
1432
3851
2283
2591
3943
1740
4638
3394
1868
4092
3246
778
4835
2271
2319
54
4456
4299
1502
4220
1531
1848
3118
794
1731
2008
2510
2701
2124
3056
70
3712
3356
925
1055
1391
4872
619
1777
3021
2976
4268
3264
2471
4116
56
987
3488
3200
3735
1743
2370
4321
1951
1291
491
3705
4087
3836
4647
2246
1861
1946
702
2466
3372
3013
3479
2236
843
826
3396
115
3754
3382
2785
4639
1602
495
2386
2415
2988
2327
972
2350
274
2408
3579
873
1503
1266
1307
481
3824
4233
3162
1466
121
4542
2910
4150
3077
300
1408
1495
3393
1430
2380
4401
1366
179
2113
4570
3567
1281
1036
2248
3813
375
2651
3714
177
1773
2790
841
2230
4155
4660
2589
258
309
2647
759
647
4494
352
4860
4184
3522
819
3431
1462
154
4440
1667
2135
4911
2476
2675
2221
4878
1704
2235
1187
609
3116
4369
3021
4719
172
2604
3025
3263
4560
4240
4533
3486
4928
2484
2283
4049
1574
3788
1658
1318
2544
236
512
2808
4116
4324
2806
1385
1142
976
767
1309
206
4140
4792
4714
1077
2807
2819
4632
4422
3800
3370
3133
1243
1173
4003
686
2020
4562
4381
348
1009
1342
675
2840
3684
4918
532
1144
2776
4009
307
686
892
260
3799
3708
163
4027
4196
3928
1916
678
3452
74
1812
2263
812
4390
3441
1876
4711
4705
826
579
4757
1159
2813
4211
3020
1186
4822
4935
1354
3838
908
4867
3950
2051
1622
1624
1867
3941
629
3145
3728
1731
554
1622
4336
4398
1026
3881
388
2630
4390
3072
45
2197
2046
3989
548
4321
1903
1889
611
4143
4898
2130
1813
875
1054
490
697
744
3055
1502
803
1305
2794
4649
1354
3227
3871
763
1805
3144
504
3479
3986
3668
828
3070
1048
4143
48
2535
4937
3259
1410
3248
1609
2093
465
47
710
3693
594
3082
3939
2780
265
1275
3804
1677
4976
4738
2012
1052
4376
987
4180
1566
2514
2302
110
24
1693
4069
1348
1126
2899
1453
218
3399
3265
4250
2087
422
3553
2249
52
919
1106
961
3781
3829
1251
51
1718
1938
2622
4317
3385
168
4362
4565
981
2121
678
3218
2014
966
725
2007
2173
3269
4275
1582
161
1849
1145
397
3718
1269
4860
2701
3532
2046
3509
2982
4284
2168
3263
1719
4514
2031
2539
4769
4562
1368
2252
1241
4265
4282
157
2203
4667
958
4717
61
426
2171
1487
955
2166
157
2480
18
465
1970
1470
1839
729
3889
727
975
639
2993
2116
4857
4411
4485
3069
3928
584
858
368
1368
2546
1506
2223
2235
3530
3867
1606
4379
282
4690
1321
968
2142
2525
3763
1963
4731
30
846
4398
4985
2176
2071
3802
1743
3969
1188
1600
3611
3758
4437
857
3315
730
828
181
276
2698
2432
3158
611
2758
148
3137
1281
919
2918
725
2619
4300
862
3833
935
1979
290
2608
430
3101
1078
4109
1143
4329
4351
4057
2133
231
978
511
1626
2706
3804
1813
3350
3031
4130
3644
757
2638
376
2530
3383
1190
4420
655
2027
3085
3564
4312
1997
942
3609
839
1133
2200
1002
1387
1816
2391
4520
4365
3697
1213
4465
1895
1354
4963
4843
4137
3601
1449
1483
3811
3667
973
1573
772
1957
4458
2588
3981
629
2334
1062
704
1690
278
4189
297
2837
373
4710
2416
2761
3825
2066
